30,
pac-proxy-agent,tootallnate/quickjs-emscripten,agent-base,debug,ms,get-uri,basic-ftp,data-uri-to-buffer,debug,ms,fs-extra,graceful-fs,jsonfile,graceful-fs,universalify,universalify,http-proxy-agent,https-proxy-agent,pac-resolver,degenerator,ast-types,tslib,escodegen,esprima,estraverse,esutils,source-map,esprima,netmask,socks-proxy-agent,
90.22580645,38.76470588,38.76470588,38.76470588,38.76470588,90.22580645,90.22580645,90.22580645,38.76470588,38.76470588,38.76470588,38.76470588,38.76470588,38.76470588,38.76470588,38.76470588,38.76470588,38.76470588,38.76470588,38.76470588,38.76470588,38.76470588,38.76470588,38.76470588,38.76470588,38.76470588,38.76470588,38.76470588,38.76470588,38.76470588,
30,1,1,2,1,11,1,1,2,1,6,1,3,1,1,1,1,1,11,9,2,1,5,1,1,1,1,1,1,1,
153,154,155,156,157,158,159,160,161,162,163,164,165,166,167,168,169,170,171,172,173,174,175,176,177,178,179,180,181,182,
153,
153,154,
153,155,
153,156,
156,157,
153,158,
158,159,
158,160,
158,161,
161,162,
158,163,
163,164,
163,165,
165,166,
165,167,
163,168,
153,169,
153,170,
153,171,
171,172,
172,173,
173,174,
172,175,
175,176,
175,177,
175,178,
175,179,
172,180,
171,181,
153,182,