25,
puppeteer/browsers,debug,ms,extract-zip,types/yauzl,types/node,undici-types,debug,ms,get-stream,pump,yauzl,buffer-crc32,fd-slicer,pend,progress,SUBTREE_NODEproxy-agent,semver,SUBTREE_NODEtar-fs,unbzip2-stream,buffer,base64-js,ieee754,through,SUBTREE_NODEyargs,
38.76470588,38.76470588,38.76470588,38.76470588,38.76470588,38.76470588,38.76470588,38.76470588,38.76470588,38.76470588,38.76470588,38.76470588,38.76470588,74.86363636,38.76470588,74.86363636,38.76470588,38.76470588,38.76470588,38.76470588,38.76470588,38.76470588,38.76470588,38.76470588,38.76470588,
118,2,1,12,3,2,1,2,1,2,1,4,1,2,1,1,55,1,21,5,3,1,1,1,20,
122,123,124,125,126,127,128,129,130,131,132,133,134,135,136,137,138,193,194,215,216,217,218,219,220,
122,
122,123,
123,124,
122,125,
125,126,
126,127,
127,128,
125,129,
129,130,
125,131,
131,132,
125,133,
133,134,
133,135,
135,136,
122,137,
122,138,
122,193,
122,194,
122,215,
215,216,
216,217,
216,218,
215,219,
122,220,