21,
tar-fs,bare-fs,bare-events,bare-path,bare-stream,streamx,bare-path,bare-os,pump,end-of-stream,once,once,wrappy,tar-stream,b4a,fast-fifo,streamx,bare-events,fast-fifo,queue-tick,text-decoder,
-1,-1,-1,-1,-1,-1,-1,-1,-1,-1,-1,-1,-1,-1,-1,-1,-1,-1,-1,-1,-1,
21,5,1,1,2,1,2,1,5,2,1,2,1,8,1,1,5,1,1,1,1,
194,195,196,197,198,199,200,201,202,203,204,205,206,207,208,209,210,211,212,213,214,
194,
194,195,
195,196,
195,197,
195,198,
198,199,
194,200,
200,201,
194,202,
202,203,
203,204,
202,205,
205,206,
194,207,
207,208,
207,209,
207,210,
210,211,
210,212,
210,213,
210,214,