26,
proxy-agent,agent-base,debug,ms,debug,ms,http-proxy-agent,agent-base,debug,ms,https-proxy-agent,agent-base,debug,ms,lru-cache,SUBTREE_NODEpac-proxy-agent,proxy-from-env,socks-proxy-agent,agent-base,debug,ms,socks,ip-address,jsbn,sprintf-js,smart-buffer,
90.22580645,38.76470588,38.76470588,38.76470588,38.76470588,38.76470588,38.76470588,38.76470588,38.76470588,38.76470588,38.76470588,38.76470588,38.76470588,38.76470588,90.22580645,38.76470588,38.76470588,38.76470588,38.76470588,38.76470588,38.76470588,38.76470588,38.76470588,38.76470588,38.76470588,38.76470588,
55,3,2,1,2,1,4,1,2,1,4,1,2,1,1,30,1,9,1,2,1,5,3,1,1,1,
138,139,140,141,142,143,144,145,146,147,148,149,150,151,152,153,183,184,185,186,187,188,189,190,191,192,
138,
138,139,
139,140,
140,141,
138,142,
142,143,
138,144,
144,145,
144,146,
146,147,
138,148,
148,149,
148,150,
150,151,
138,152,
138,153,
138,183,
138,184,
184,185,
184,186,
186,187,
184,188,
188,189,
189,190,
189,191,
188,192,