18,
body-parser,bytes,content-type,debug,depd,destroy,http-errors,iconv-lite,safer-buffer,on-finished,qs,raw-body,bytes,http-errors,iconv-lite,unpipe,type-is,unpipe,
90.22580645,74.86363636,74.86363636,38.76470588,38.76470588,38.76470588,38.76470588,74.86363636,74.86363636,38.76470588,90.22580645,38.76470588,74.86363636,38.76470588,74.86363636,38.76470588,38.76470588,38.76470588,
18,1,1,1,1,1,1,2,1,1,1,5,1,1,1,1,1,1,
11,12,13,14,15,16,17,18,19,20,21,22,23,24,25,26,27,28,
11,
11,12,
11,13,
11,14,
11,15,
11,16,
11,17,
11,18,
18,19,
11,20,
11,21,
11,22,
22,23,
22,24,
22,25,
22,26,
11,27,
11,28,