25,
webscraper,cors,object-assign,vary,SUBTREE_NODEexpress,puppeteer,SUBTREE_NODEpuppeteer/browsers,chromium-bidi,devtools-protocol,mitt,urlpattern-polyfill,zod,SUBTREE_NODEcosmiconfig,devtools-protocol,puppeteer-core,puppeteer/browsers,chromium-bidi,debug,ms,devtools-protocol,typed-query-selector,ws,bufferutil,utf-8-validate,typed-query-selector,
undefined,74.86363636,38.76470588,38.76470588,38.76470588,38.76470588,38.76470588,38.76470588,38.76470588,38.76470588,38.76470588,38.76470588,38.76470588,38.76470588,38.76470588,38.76470588,38.76470588,38.76470588,38.76470588,38.76470588,38.76470588,38.76470588,38.76470588,38.76470588,38.76470588,
283,3,1,1,116,163,118,5,1,1,1,1,27,1,10,1,1,2,1,1,1,3,1,1,1,
1,2,3,4,5,121,122,240,241,242,243,244,245,272,273,274,275,276,277,278,279,280,281,282,283,
1,
1,2,
2,3,
2,4,
1,5,
1,121,
121,122,
121,240,
240,241,
240,242,
240,243,
240,244,
121,245,
121,272,
121,273,
273,274,
273,275,
273,276,
276,277,
273,278,
273,279,
273,280,
280,281,
280,282,
121,283,